# name: debug
# type: sparse matrix
# nnz: 36
# rows: 6
# columns: 6

1 1 11883449.8
2 1 -10453861.8
3 1 2419214.74
4 1 13727973
5 1 41985227.6
6 1 -5933952.45
1 2 -10453861.8
2 2 61346338
3 2 116749.87
4 2 -11477908.5
5 2 -211163896
6 2 14633554.8
1 3 2419214.74
2 3 116749.87
3 3 34543531
4 3 104530100
5 3 5554582.73
6 3 13463168.3
1 4 13727973
2 4 -11477908.5
3 4 104530100
4 4 345597175
5 4 63441954.8
6 4 33111165.7
1 5 41985227.6
2 5 -211163896
3 5 5554582.73
4 5 63441954.8
5 5 727428905
6 5 -49937113.6
1 6 -5933952.45
2 6 14633554.8
3 6 13463168.3
4 6 33111165.7
5 6 -49937113.6
6 6 83791805.6
