%YAML:1.0
---
camera_name: "943222111057_left"
image_width: 848
image_height: 800
camera_matrix:
   rows: 3
   cols: 3
   data: [ 3.2229302395500417e+02, 0., 4.3970997993226496e+02, 0.,
       3.2253280688828073e+02, 4.2969849232560449e+02, 0., 0., 1. ]
distortion_coefficients:
   rows: 1
   cols: 4
   data: [ 5.8622111520842561e-02, -6.0888344667122528e-02,
       1.1348806999523350e-01, -5.2292175011845368e-02 ]
distortion_model: equidistant
rectification_matrix:
   rows: 3
   cols: 3
   data: [ 9.9500496337587507e-01, 1.5466376857662846e-02,
       -9.8620048896104984e-02, -1.2026380064782686e-02,
       9.9930153505345376e-01, 3.5380901943682375e-02,
       9.9098380611949380e-02, -3.4018130852647092e-02,
       9.9449599181363291e-01 ]
projection_matrix:
   rows: 3
   cols: 4
   data: [ 3.2229302395500417e+02, 0., -2.0629242057800293e+03, 0., 0.,
       3.2229302395500417e+02, -2.0713262557983398e+03, 0., 0., 0., 1.,
       0. ]
