%YAML:1.0
---
camera_name: "943222111057_right"
image_width: 848
image_height: 800
camera_matrix:
   rows: 3
   cols: 3
   data: [ 3.3793111364536952e+02, 0., 4.4334214433783711e+02, 0.,
       3.3719162608811132e+02, 4.0807847239233575e+02, 0., 0., 1. ]
distortion_coefficients:
   rows: 1
   cols: 4
   data: [ 1.8151208657022844e-02, -4.5342378359955852e-02,
       -1.7935318434285284e-02, 1.4074235300676693e-01 ]
distortion_model: equidistant
rectification_matrix:
   rows: 3
   cols: 3
   data: [ 9.9674351548057694e-01, 1.4442663039054778e-02,
       -7.9333308463476276e-02, -1.7296680786108087e-02,
       9.9922330327468090e-01, -3.5406426346336388e-02,
       7.8760327457446710e-02, 3.6663328779250055e-02,
       9.9621915818840800e-01 ]
projection_matrix:
   rows: 3
   cols: 4
   data: [ 3.2229302395500417e+02, 0., -2.0629242057800293e+03,
       -2.7694334300887707e+01, 0., 3.2229302395500417e+02,
       -2.0713262557983398e+03, 0., 0., 0., 1., 0. ]
