%YAML:1.0
---
camera_name: "943222111057"
rotation_matrix:
   rows: 3
   cols: 3
   data: [ 9.9977778248038529e-01, -4.5478679454778684e-03,
       -2.0584036430054846e-02, 5.9867587033231445e-03,
       9.9750153857705537e-01, 7.0390619095412804e-02,
       2.0212480768859488e-02, -7.0498208725880446e-02,
       9.9730710324734506e-01 ]
translation_matrix:
   rows: 3
   cols: 1
   data: [ -8.5649226257577954e-02, -1.2410443561276087e-03,
       6.8170360587441513e-03 ]
